1195,1
1195,7
1196,1
1196,3
1196,0
0,493
0,327
0,322
1195,3
0,496
0,522
1195,0
0,9
0,478
0,488
0,575
0,305
0,621
0,620
0,617
0,597
0,596
0,572
0,573
0,482
0,481
0,308
0,304
0,324
0,303
0,302
0,307
0,472
0,12
0,527
0,10
0,570
0,8
0,0
0,471
0,470
0,300
0,551
0,299
0,550
0,298
0,611
0,469
0,297
0,440
0,296
0,565
0,295
0,345
0,294
0,549
0,293
0,560
0,292
0,517
0,291
0,516
0,290
0,464
0,289
0,439
0,462
0,288
0,514
0,287
0,512
0,286
0,534
0,285
0,515
0,459
0,284
0,467
0,283
0,618
0,282
0,463
0,457
0,281
0,420
0,280
0,408
0,279
0,341
0,454
0,278
0,579
0,453
0,277
0,505
0,276
0,504
0,275
0,591
0,450
0,274
0,502
0,273
0,445
0,272
0,622
0,448
0,271
0,616
0,447
0,270
0,497
0,269
0,499
0,268
0,582
0,444
0,267
0,542
0,266
0,417
0,443
0,265
0,603
0,442
0,264
0,412
0,263
0,559
0,262
0,492
0,261
0,404
0,438
0,260
0,458
0,259
0,547
0,258
0,411
0,257
0,602
0,256
0,541
0,255
0,486
0,254
0,466
0,400
0,253
0,629
0,252
0,599
0,251
0,507
0,250
0,477
0,249
0,638
0,248
0,434
0,394
0,247
0,427
0,246
0,410
0,245
0,344
0,391
0,244
0,581
0,242
0,407
0,241
0,614
0,240
0,546
0,387
0,239
0,636
0,238
0,637
0,237
0,628
0,236
0,421
0,235
0,329
0,234
0,635
0,233
0,627
0,380
0,232
0,564
0,231
0,461
0,230
0,476
0,229
0,506
0,228
0,455
0,227
0,460
0,226
0,340
0,225
0,598
0,224
0,419
0,223
0,631
0,222
0,416
0,221
0,414
0,220
0,429
0,367
0,219
0,634
0,218
0,465
0,217
0,433
0,364
0,216
0,432
0,215
0,633
0,214
0,406
0,213
0,426
0,360
0,212
0,402
0,211
0,401
0,210
0,503
0,209
0,452
0,208
0,501
0,207
0,479
0,206
0,610
